chr17	143046	1333810	9	1000	+	83257441	chrE1	61081816	15337720	16309277	22573282
chr17	178190	178241	11506	1000	+	83257441	chrE1	61081816	15365658	15365709	3569
chr17	378820	380241	325	1000	-	83257441	chrE1	61081816	45537884	45539539	58513
chr17	413469	413674	30199	1000	+	83257441	chrE1	61081816	15575549	15575736	2846
chr17	543088	543180	17354	1000	+	83257441	chrE1	61081816	15632602	15632688	4873
chr17	552930	552999	24671	1000	+	83257441	chrE1	61081816	15641066	15641135	3745
chr17	552999	553058	26241	1000	+	83257441	chrE1	61081816	15641070	15641129	3277
chr17	553059	553123	24891	1000	+	83257441	chrE1	61081816	15641065	15641129	3712
chr17	553124	553194	23262	1000	+	83257441	chrE1	61081816	15641065	15641135	3958
chr17	553194	553253	26240	1000	+	83257441	chrE1	61081816	15641070	15641129	3277
chr17	553254	553324	22350	1000	+	83257441	chrE1	61081816	15641065	15641135	4098
chr17	653086	653148	19070	1000	+	83257441	chrE1	61081816	15698501	15698563	4666
chr17	653148	653209	20292	1000	+	83257441	chrE1	61081816	15698502	15698563	2733
chr17	673471	673546	19207	1000	+	83257441	chrE1	61081816	15714821	15714896	4641
chr17	753171	753222	13693	1000	+	83257441	chrE1	61081816	15772895	15772946	3341
chr17	753222	753313	12994	1000	+	83257441	chrE1	61081816	15772855	15772946	6184
chr17	753313	753405	12993	1000	+	83257441	chrE1	61081816	15772855	15772947	6252
chr17	753405	753469	17820	1000	+	83257441	chrE1	61081816	15772856	15772920	4446
chr17	778465	778526	22243	1000	+	83257441	chrE1	61081816	15795235	15795296	4113
chr17	784500	784533	26850	1000	+	83257441	chrE1	61081816	15799781	15799814	2035
chr17	866998	867040	27105	1000	+	83257441	chrE1	61081816	15871165	15871207	3346
chr17	867040	867082	27104	1000	+	83257441	chrE1	61081816	15871165	15871207	3346
chr17	867082	867124	27103	1000	+	83257441	chrE1	61081816	15871165	15871207	3346
chr17	867124	867166	27102	1000	+	83257441	chrE1	61081816	15871165	15871207	3346
chr17	867208	867250	27101	1000	+	83257441	chrE1	61081816	15871165	15871207	3346
chr17	867250	867292	27100	1000	+	83257441	chrE1	61081816	15871165	15871207	3346
chr17	867334	867376	26413	1000	+	83257441	chrE1	61081816	15871165	15871207	3468
chr17	915843	915887	29349	1000	+	83257441	chrE1	61081816	15909828	15909872	2980
chr17	1006750	1006797	26779	1000	+	83257441	chrE1	61081816	15994737	15994785	3407
chr17	1121504	1121637	16333	1000	+	83257441	chrE1	61081816	16083983	16084098	5275
chr17	1150190	1150358	8455	1000	-	83257441	chrE1	61081816	44976255	44976421	8142
chr17	1195400	1195524	14915	1000	+	83257441	chrE1	61081816	16141518	16141643	5660
chr17	1209094	1209269	7106	1000	+	83257441	chrE1	61081816	16151911	16152069	8990
chr17	1312658	1312947	6881	1000	+	83257441	chrE1	61081816	16257724	16258024	9149
chr17	1339662	22228698	3	1000	-	83257441	chrE1	61081816	45753331	51615269	33458296
chr17	1432138	1432206	18033	1000	+	83257441	chrE1	61081816	15232409	15232477	2939
chr17	1452452	1452496	22052	1000	+	83257441	chrE1	61081816	15213886	15213930	2681
chr17	1587506	1587624	12438	1000	-	83257441	chrE1	61081816	45970807	45970926	6433
chr17	1587737	1587862	14469	1000	-	83257441	chrE1	61081816	45970995	45971114	5787
chr17	1587929	1588107	6685	1000	-	83257441	chrE1	61081816	45971139	45971318	9316
chr17	1603058	1603502	1272	1000	+	83257441	chrE1	61081816	15090701	15091199	25584
chr17	2052377	2052447	27200	1000	-	83257441	chrE1	61081816	46379547	46379617	3330
chr17	2052525	2052587	25226	1000	-	83257441	chrE1	61081816	46379555	46379617	3659
chr17	2052805	2052867	25225	1000	-	83257441	chrE1	61081816	46379555	46379617	3659
chr17	2052875	2052937	25224	1000	-	83257441	chrE1	61081816	46379555	46379617	3659
chr17	2052945	2053007	25223	1000	-	83257441	chrE1	61081816	46379555	46379617	3659
chr17	2057405	2057719	1250	1000	-	83257441	chrE1	61081816	46382571	46382887	25817
chr17	2063664	2063712	20497	1000	-	83257441	chrE1	61081816	46389429	46389477	4312
chr17	2527364	2527659	4168	1000	+	83257441	chrE1	61081816	14285533	14285833	12299
chr17	2528197	2528348	9515	1000	+	83257441	chrE1	61081816	14283677	14283829	7606
chr17	2576467	2579076	306	1000	+	83257441	chrE1	61081816	14238008	14239954	61901
chr17	2601891	2603160	388	1000	+	83257441	chrE1	61081816	14210477	14213452	51546
chr17	2827689	2828047	3138	1000	+	83257441	chrE1	61081816	13946858	13947226	14373
chr17	2948395	2948461	9616	1000	-	83257441	chrE1	61081816	47162051	47162112	1584
chr17	3031224	3031304	20585	1000	-	83257441	chrE1	61081816	47226053	47226133	3582
chr17	3031304	3031400	20004	1000	-	83257441	chrE1	61081816	47226053	47226145	4489
chr17	3031400	3031469	22707	1000	-	83257441	chrE1	61081816	47226069	47226138	3282
chr17	3031469	3031549	24350	1000	-	83257441	chrE1	61081816	47226058	47226138	3567
chr17	3031623	3031708	23564	1000	-	83257441	chrE1	61081816	47226053	47226138	3912
chr17	3031782	3031856	22032	1000	-	83257441	chrE1	61081816	47226053	47226127	4149
chr17	3031941	3032025	22473	1000	-	83257441	chrE1	61081816	47226053	47226137	4083
chr17	3032179	3032259	24292	1000	-	83257441	chrE1	61081816	47226053	47226133	3576
chr17	3061868	3265307	17	1000	+	83257441	chrE1	61081816	13670159	13810485	497536
chr17	3064208	3102527	42	1000	-	83257441	chrE1	61081816	47281606	47309782	65601
chr17	3091479	3091727	12819	1000	+	83257441	chrE1	61081816	13669889	13670121	6303
chr17	3105459	3105676	331	1000	-	83257441	chrE1	61081816	47276692	47276902	570
chr17	3134062	3134458	1697	1000	-	83257441	chrE1	61081816	47321958	47322365	20869
chr17	3136781	3136872	320	1000	-	83257441	chrE1	61081816	47325346	47325599	287
chr17	3162063	3163948	310	1000	+	83257441	chrE1	61081816	13697882	13700578	59823
chr17	3192043	3197300	76	1000	+	83257441	chrE1	61081816	13734108	13751145	18230
chr17	3206019	3206152	20754	1000	+	83257441	chrE1	61081816	13703786	13703924	4355
chr17	3206153	3206247	26968	1000	+	83257441	chrE1	61081816	13703924	13704015	3370
chr17	3206560	3207283	3184	1000	+	83257441	chrE1	61081816	13704262	13704748	13985
chr17	3208350	3220171	60	1000	+	83257441	chrE1	61081816	13705794	13722850	13032
chr17	3229424	3232042	70	1000	+	83257441	chrE1	61081816	13804700	13807254	27611
chr17	3233510	3262396	56	1000	+	83257441	chrE1	61081816	13772196	13794131	8092
chr17	3238400	3238556	86	1000	-	83257441	chrE1	61081816	47407133	47407274	1114
chr17	3251889	3253438	262	1000	+	83257441	chrE1	61081816	13819502	13821439	69563
chr17	3283526	3283977	2515	1000	-	83257441	chrE1	61081816	47437237	47437742	8008
chr17	3391201	3391351	19415	1000	-	83257441	chrE1	61081816	47578267	47578408	4603
chr17	3408734	3423371	32	1000	+	83257441	chrE1	61081816	13656818	13664727	26771
chr17	3412623	3412766	224	1000	+	83257441	chrE1	61081816	13644150	13644296	104
chr17	3486828	3487635	638	1000	+	83257441	chrE1	61081816	13467605	13468437	37372
chr17	3711152	3711377	6600	1000	+	83257441	chrE1	61081816	13297493	13297720	9382
chr17	3833410	3834098	1296	1000	+	83257441	chrE1	61081816	13197373	13201000	25205
chr17	3922167	3922362	5839	1000	-	83257441	chrE1	61081816	47954721	47954932	10089
chr17	3929946	3930112	16519	1000	-	83257441	chrE1	61081816	47962425	47962588	5232
chr17	4004306	83231233	1	1000	+	83257441	chrE1	61081816	172206	61022404	889659209
chr17	4139172	4139257	4619	1000	+	83257441	chrE1	61081816	272341	272426	4818
chr17	4368895	4368972	19781	1000	-	83257441	chrE1	61081816	60597444	60597536	4528
chr17	4532741	4533183	18112	1000	+	83257441	chrE1	61081816	584350	584635	3250
chr17	4631599	6844962	8	1000	-	83257441	chrE1	61081816	58272518	60425507	22541675
chr17	4631704	4631794	5064	1000	-	83257441	chrE1	61081816	59156971	59157058	2722
chr17	4640531	4640960	6593	1000	+	83257441	chrE1	61081816	1907742	1908205	9390
chr17	4674366	4674476	9739	1000	-	83257441	chrE1	61081816	59190762	59190873	5494
chr17	5014409	5014488	13709	1000	-	83257441	chrE1	61081816	59436399	59436480	3930
chr17	5141324	5176595	22	1000	-	83257441	chrE1	61081816	36269061	36309013	1040580
chr17	5160173	5160244	21184	1000	-	83257441	chrE1	61081816	36290616	36290687	4290
chr17	5188547	5188642	31941	1000	+	83257441	chrE1	61081816	1614131	1614230	2593
chr17	5194432	5194623	5505	1000	+	83257441	chrE1	61081816	1594482	1594676	10421
chr17	5206287	5206393	16942	1000	-	83257441	chrE1	61081816	59498419	59498522	5135
chr17	5306637	5306685	31133	1000	-	83257441	chrE1	61081816	59586968	59587016	2716
chr17	5306685	5306742	19434	1000	-	83257441	chrE1	61081816	59587017	59587074	4598
chr17	5306743	5306812	28708	1000	-	83257441	chrE1	61081816	59587074	59587145	3080
chr17	5758744	5758799	28736	1000	-	83257441	chrE1	61081816	59857223	59857278	3076
chr17	5758801	5758865	20338	1000	-	83257441	chrE1	61081816	59857223	59857287	4426
chr17	6013732	6013974	12431	1000	+	83257441	chrE1	61081816	1112116	1112331	6435
chr17	6117951	6118249	2309	1000	-	83257441	chrE1	61081816	60029059	60029338	17361
chr17	6168282	6169394	1112	1000	+	83257441	chrE1	61081816	1016740	1018015	27595
chr17	6235394	6236453	1071	1000	+	83257441	chrE1	61081816	990164	991052	28368
chr17	6639939	6640340	13100	1000	-	83257441	chrE1	61081816	60314473	60314818	6094
chr17	6656135	6656312	10195	1000	-	83257441	chrE1	61081816	59173895	59174074	7320
chr17	6657232	6657311	4795	1000	+	83257441	chrE1	61081816	1988010	1988100	3048
chr17	6657864	6661471	1035	1000	+	83257441	chrE1	61081816	1919682	1921680	28390
chr17	6658485	6658601	1092	1000	+	83257441	chrE1	61081816	1989658	1989800	1098
chr17	6898714	6898813	10080	1000	+	83257441	chrE1	61081816	1995407	1995503	3081
chr17	6899934	6900048	9399	1000	+	83257441	chrE1	61081816	1998266	1998384	4746
chr17	6996110	6996317	7431	1000	+	83257441	chrE1	61081816	1918795	1918965	3649
chr17	7065061	7070155	374	1000	+	83257441	chrE1	61081816	2043782	2045971	26173
chr17	7079979	7080630	4794	1000	+	83257441	chrE1	61081816	2101759	2102495	11310
chr17	7101582	7101750	5516	1000	+	83257441	chrE1	61081816	2099321	2099489	2965
chr17	7113842	7114031	8092	1000	+	83257441	chrE1	61081816	2101225	2101415	3885
chr17	7174043	7174108	7217	1000	+	83257441	chrE1	61081816	2043962	2044028	2619
chr17	7174108	7174328	4137	1000	+	83257441	chrE1	61081816	2063240	2063457	12343
chr17	7174367	7174467	18911	1000	+	83257441	chrE1	61081816	2063500	2063600	4196
chr17	7176821	7176929	20475	1000	+	83257441	chrE1	61081816	2063752	2063861	4404
chr17	7176975	7177087	17825	1000	+	83257441	chrE1	61081816	2044952	2045064	4931
chr17	7646220	7646796	3524	1000	-	83257441	chrE1	61081816	58606059	58608051	13514
chr17	8063922	8064002	20298	1000	+	83257441	chrE1	61081816	2800846	2800926	4434
chr17	8064042	8064137	124	1000	-	83257441	chrE1	61081816	58256737	58256828	169
chr17	8064137	8064205	22076	1000	+	83257441	chrE1	61081816	2800974	2801048	1514
chr17	8078573	8078817	4448	1000	+	83257441	chrE1	61081816	2856396	2856639	11814
chr17	8801331	8801418	28794	1000	+	83257441	chrE1	61081816	3409681	3409768	3066
chr17	9294135	9294258	11884	1000	-	83257441	chrE1	61081816	57278101	57278227	6653
chr17	9649936	9650120	4455	1000	+	83257441	chrE1	61081816	4074343	4074552	11801
chr17	9832907	9833336	12216	1000	-	83257441	chrE1	61081816	56870102	56870210	6452
chr17	10151909	10152323	2621	1000	-	83257441	chrE1	61081816	56629286	56629661	16062
chr17	10355491	10355545	16945	1000	+	83257441	chrE1	61081816	4603576	4603630	3186
chr17	10449337	10449517	5678	1000	+	83257441	chrE1	61081816	4696535	4696708	9162
chr17	10495244	10496364	134	1000	+	83257441	chrE1	61081816	4755014	4755819	48949
chr17	10632018	10632074	2958	1000	+	83257441	chrE1	61081816	4692152	4692209	3119
chr17	11056349	11066862	174	1000	-	83257441	chrE1	61081816	55866697	55871571	105859
chr17	11083002	11083130	10639	1000	-	83257441	chrE1	61081816	55848266	55848394	7128
chr17	11132575	11132739	8624	1000	+	83257441	chrE1	61081816	5271286	5271437	8053
chr17	11306066	11306164	16381	1000	-	83257441	chrE1	61081816	55665081	55665179	5264
chr17	11350479	11353169	233	1000	-	83257441	chrE1	61081816	55621824	55624106	76011
chr17	11542541	11543070	1331	1000	-	83257441	chrE1	61081816	55469502	55470062	24817
chr17	11684013	11684097	19166	1000	+	83257441	chrE1	61081816	5729428	5729512	4386
chr17	11741504	11741546	20422	1000	+	83257441	chrE1	61081816	5779675	5779717	2764
chr17	11811411	11811869	1847	1000	-	83257441	chrE1	61081816	55176124	55176576	19741
chr17	12149504	12149642	10940	1000	+	83257441	chrE1	61081816	6177505	6177651	7004
chr17	12216332	12216408	25044	1000	+	83257441	chrE1	61081816	6216241	6216317	3548
chr17	12317036	12317230	9255	1000	+	83257441	chrE1	61081816	6302682	6302860	7739
chr17	12546325	12546459	11955	1000	-	83257441	chrE1	61081816	54555203	54555330	6625
chr17	12813181	12813749	2138	1000	-	83257441	chrE1	61081816	54298867	54299313	18094
chr17	13064803	13064863	4746	1000	+	83257441	chrE1	61081816	7008351	7008411	2342
chr17	13233941	13234011	24815	1000	-	83257441	chrE1	61081816	53938614	53938684	3726
chr17	13299323	13299557	5812	1000	+	83257441	chrE1	61081816	7200004	7200249	10113
chr17	13361091	13366579	97	1000	-	83257441	chrE1	61081816	53812781	53819411	171215
chr17	13402239	13402455	5820	1000	+	83257441	chrE1	61081816	7310459	7310667	10107
chr17	13760495	13760875	2015	1000	+	83257441	chrE1	61081816	7597993	7603727	17772
chr17	13823388	13823718	3918	1000	-	83257441	chrE1	61081816	53435930	53436253	12740
chr17	13930355	13930842	2044	1000	-	83257441	chrE1	61081816	53361425	53362072	18584
chr17	14104257	14230351	59	1000	-	83257441	chrE1	61081816	53176620	53281064	7047
chr17	14110070	14110166	9843	1000	+	83257441	chrE1	61081816	7907355	7907451	6763
chr17	14247648	14248336	1252	1000	-	83257441	chrE1	61081816	53263198	53264067	25800
chr17	14300715	14300926	4797	1000	+	83257441	chrE1	61081816	8048851	8049065	11341
chr17	14319445	14320205	1289	1000	+	83257441	chrE1	61081816	8066355	8067027	11865
chr17	14383857	14384005	3409	1000	+	83257441	chrE1	61081816	8128025	8128099	3304
chr17	14833093	14834045	783	1000	-	83257441	chrE1	61081816	52597807	52598964	33541
chr17	14987896	14988011	12079	1000	-	83257441	chrE1	61081816	52473844	52473964	6581
chr17	15296354	15296894	3349	1000	-	83257441	chrE1	61081816	52229203	52229616	13876
chr17	15468739	15470070	732	1000	-	83257441	chrE1	61081816	52088455	52089521	34692
chr17	15567716	15591302	33	1000	+	83257441	chrE1	61081816	7965793	7990733	588004
chr17	15639571	15639751	11700	1000	-	83257441	chrE1	61081816	51944506	51944699	6723
chr17	15675446	15675729	2384	1000	-	83257441	chrE1	61081816	51884532	51885240	16383
chr17	15759968	16654111	10	1000	-	83257441	chrE1	61081816	51089672	51824309	899281
chr17	15836516	15837235	1055	1000	-	83257441	chrE1	61081816	51108883	51109598	24566
chr17	15838764	15840069	740	1000	-	83257441	chrE1	61081816	51111733	51112693	34416
chr17	16118485	16118663	12304	1000	-	83257441	chrE1	61081816	51359686	51359856	6454
chr17	16221067	16221348	3581	1000	+	83257441	chrE1	61081816	9616536	9616824	13415
chr17	16230837	16230890	14188	1000	+	83257441	chrE1	61081816	9609910	9609964	3080
chr17	16586681	16589588	657	1000	+	83257441	chrE1	61081816	9323787	9325443	36902
chr17	16625785	16625835	18807	1000	+	83257441	chrE1	61081816	9288707	9288757	2001
chr17	16655314	16656424	1767	1000	+	83257441	chrE1	61081816	9278934	9280269	20322
chr17	16686356	16686491	9002	1000	-	83257441	chrE1	61081816	51191838	51191979	7849
chr17	16687252	16688462	693	1000	-	83257441	chrE1	61081816	51192129	51193312	36036
chr17	16814012	16852339	15	1000	+	83257441	chrE1	61081816	40103766	40157021	1522891
chr17	16837920	16838086	5432	1000	-	83257441	chrE1	61081816	20936814	20937000	8351
chr17	16842524	16842742	347	1000	+	83257441	chrE1	61081816	40015625	40015769	1279
chr17	16856197	16913521	29	1000	+	83257441	chrE1	61081816	12308683	12370989	619610
chr17	16877651	16879564	453	1000	-	83257441	chrE1	61081816	48665724	48667669	45168
chr17	17272453	17275109	299	1000	+	83257441	chrE1	61081816	12071317	12072826	62793
chr17	17371401	17371492	24661	1000	-	83257441	chrE1	61081816	49091199	49091290	3747
chr17	17599848	17600249	5618	1000	+	83257441	chrE1	61081816	11796032	11796388	10309
chr17	17910852	17915276	141	1000	+	83257441	chrE1	61081816	11529841	11532919	128834
chr17	18181576	18181950	3088	1000	+	83257441	chrE1	61081816	11297085	11297435	14535
chr17	18369061	18369305	8787	1000	+	83257441	chrE1	61081816	11145434	11145700	7954
chr17	18411054	18451359	19	1000	-	83257441	chrE1	61081816	20918116	20967470	1207188
chr17	18471494	18503538	23	1000	-	83257441	chrE1	61081816	42348200	42381658	854696
chr17	18655637	18819715	13	1000	-	83257441	chrE1	61081816	51835731	52040312	3292591
chr17	18706609	18706891	848	1000	-	83257441	chrE1	61081816	51729314	51729596	201
chr17	18725301	18725481	12292	1000	+	83257441	chrE1	61081816	9137117	9137310	6498
chr17	19087200	19111068	51	1000	-	83257441	chrE1	61081816	50156499	50176520	359414
chr17	19152575	19182053	47	1000	+	83257441	chrE1	61081816	10915021	10936138	388900
chr17	19196207	19196868	1437	1000	-	83257441	chrE1	61081816	50145678	50146410	23592
chr17	19197238	19197621	3073	1000	-	83257441	chrE1	61081816	50146742	50147195	14579
chr17	19198009	19200262	460	1000	-	83257441	chrE1	61081816	50147675	50149479	44410
chr17	19204682	19205639	712	1000	-	83257441	chrE1	61081816	50153298	50154469	35537
chr17	19294578	19294794	5151	1000	-	83257441	chrE1	61081816	50228241	50228479	10888
chr17	19581980	19582568	1323	1000	+	83257441	chrE1	61081816	10579247	10579802	24879
chr17	19626771	19630834	133	1000	+	83257441	chrE1	61081816	10502907	10507362	2014
chr17	19875831	19887744	229	1000	+	83257441	chrE1	61081816	10298231	10303046	77283
chr17	19958807	19958839	26609	1000	-	83257441	chrE1	61081816	50851403	50851435	2893
chr17	20133037	20133576	1422	1000	+	83257441	chrE1	61081816	10060969	10061542	23689
chr17	20235793	20236394	702	1000	-	83257441	chrE1	61081816	51109022	51109598	20868
chr17	20236394	20237216	653	1000	-	83257441	chrE1	61081816	51113272	51114163	37076
chr17	20440770	20472822	24	1000	+	83257441	chrE1	61081816	18700158	18733616	852624
chr17	20491970	20524011	18	1000	+	83257441	chrE1	61081816	40105445	40157021	1245263
chr17	20552343	20554264	1119	1000	+	83257441	chrE1	61081816	12402893	12403969	27524
chr17	20639025	20643005	155	1000	+	83257441	chrE1	61081816	12367425	12371930	114898
chr17	20711798	20830449	14	1000	-	83257441	chrE1	61081816	34327615	34448641	2346203
chr17	21193848	21193930	19819	1000	+	83257441	chrE1	61081816	12564881	12564962	4522
chr17	21229801	21230093	3141	1000	-	83257441	chrE1	61081816	48578016	48578307	14367
chr17	21425541	21437505	157	1000	+	83257441	chrE1	61081816	12777613	12785916	113853
chr17	21511170	21512015	1921	1000	-	83257441	chrE1	61081816	48276791	48277767	19360
chr17	21524634	21525028	1992	1000	-	83257441	chrE1	61081816	48205477	48205880	18905
chr17	21617190	21644693	28	1000	+	83257441	chrE1	61081816	9625251	9680523	624302
chr17	21687300	21687542	6809	1000	+	83257441	chrE1	61081816	12747853	12748090	9210
chr17	21687703	21688240	2747	1000	+	83257441	chrE1	61081816	12748264	12748824	15560
chr17	21688240	21688658	4022	1000	+	83257441	chrE1	61081816	12748828	12749242	12555
chr17	21688697	21688810	21159	1000	+	83257441	chrE1	61081816	12749264	12749391	4294
chr17	21688810	21688872	22924	1000	+	83257441	chrE1	61081816	12749399	12749460	4006
chr17	21688893	21688946	29493	1000	+	83257441	chrE1	61081816	12749484	12749536	2958
chr17	21689106	21689190	31281	1000	+	83257441	chrE1	61081816	12749716	12749821	2694
chr17	21689199	21689307	14958	1000	+	83257441	chrE1	61081816	12749821	12749937	5646
chr17	21689318	21689468	7912	1000	+	83257441	chrE1	61081816	12749937	12750154	8474
chr17	21689725	21689913	17386	1000	+	83257441	chrE1	61081816	12750384	12750577	5025
chr17	21689917	21690391	1646	1000	+	83257441	chrE1	61081816	12750589	12751124	21362
chr17	21690440	21691150	631	1000	+	83257441	chrE1	61081816	12751182	12751941	37456
chr17	21691343	21691489	14898	1000	+	83257441	chrE1	61081816	12752111	12752287	5665
chr17	21691540	21692357	672	1000	+	83257441	chrE1	61081816	12752323	12753160	36552
chr17	21692652	21692825	11701	1000	+	83257441	chrE1	61081816	12753439	12753677	6722
chr17	21692898	21693465	1533	1000	+	83257441	chrE1	61081816	12753741	12754379	22536
chr17	21693826	21695227	509	1000	+	83257441	chrE1	61081816	12754676	12755538	25464
chr17	21694554	21696826	228	1000	+	83257441	chrE1	61081816	12755413	12757472	77375
chr17	21697267	21701559	113	1000	+	83257441	chrE1	61081816	12758088	12762529	149880
chr17	21702343	21703982	150	1000	+	83257441	chrE1	61081816	12763012	12764663	120022
chr17	21704088	21704120	6987	1000	+	83257441	chrE1	61081816	12764769	12764801	2360
chr17	21704122	21704549	1335	1000	+	83257441	chrE1	61081816	12764801	12765218	24795
chr17	21704553	21704763	9583	1000	+	83257441	chrE1	61081816	12765218	12765442	7575
chr17	21704764	21704863	15732	1000	+	83257441	chrE1	61081816	12765442	12765536	5427
chr17	21704863	21704904	28957	1000	+	83257441	chrE1	61081816	12765537	12765578	3039
chr17	21704904	21704983	18887	1000	+	83257441	chrE1	61081816	12765582	12765668	4705
chr17	21704984	21705093	15122	1000	+	83257441	chrE1	61081816	12765668	12765778	5597
chr17	21705098	21705154	32223	1000	+	83257441	chrE1	61081816	12765780	12765850	2549
chr17	21705389	21706185	1044	1000	+	83257441	chrE1	61081816	12768250	12769179	28727
chr17	21706192	21706458	6369	1000	+	83257441	chrE1	61081816	12769179	12769474	9579
chr17	21706475	21706597	26913	1000	+	83257441	chrE1	61081816	12769474	12769602	3382
chr17	21706600	21707576	963	1000	+	83257441	chrE1	61081816	12769602	12770532	29940
chr17	21707582	21707739	16989	1000	+	83257441	chrE1	61081816	12770532	12770721	5122
chr17	21708168	21710709	3666	1000	+	83257441	chrE1	61081816	12771099	12776603	13226
chr17	21710709	21711427	1123	1000	+	83257441	chrE1	61081816	12776604	12777613	27491
chr17	21738022	21783461	74	1000	-	83257441	chrE1	61081816	48384526	48427697	3182
chr17	22441418	22441817	2056	1000	+	83257441	chrE1	61081816	12875936	12876340	18518
chr17	26981687	26982105	775	1000	+	83257441	chrE1	61081816	12764235	12764654	33691
chr17	26982120	26982164	27942	1000	+	83257441	chrE1	61081816	12764654	12764702	3205
chr17	26982164	26982248	13186	1000	+	83257441	chrE1	61081816	12764717	12764801	6191
chr17	26982446	26982540	27763	1000	+	83257441	chrE1	61081816	12776553	12776628	3234
chr17	26982540	26982612	23123	1000	+	83257441	chrE1	61081816	12776631	12776720	3978
chr17	26982618	26982722	24205	1000	+	83257441	chrE1	61081816	12776720	12777095	3813
chr17	26982722	26982925	17611	1000	+	83257441	chrE1	61081816	12777096	12777290	4980
chr17	26983686	26983829	16939	1000	+	83257441	chrE1	61081816	12777934	12778057	4450
chr17	26983829	26983999	13095	1000	+	83257441	chrE1	61081816	12780407	12780646	6217
chr17	26985045	26985942	939	1000	+	83257441	chrE1	61081816	12780795	12781650	30292
chr17	26986000	26986710	1866	1000	+	83257441	chrE1	61081816	12781705	12782418	19629
chr17	26994246	26995087	1397	1000	+	83257441	chrE1	61081816	12784425	12785668	23950
chr17	26995091	26995335	5844	1000	+	83257441	chrE1	61081816	12785668	12785916	10083
chr17	27009955	27010022	25605	1000	-	83257441	chrE1	61081816	48384555	48384624	3602
chr17	27010045	27010136	20707	1000	-	83257441	chrE1	61081816	48384647	48384738	4366
chr17	27010139	27010233	18920	1000	-	83257441	chrE1	61081816	48384738	48384834	4699
chr17	27198579	30528157	4	1000	-	83257441	chrE1	61081816	41964939	44818628	80155447
chr17	27239636	27245292	184	1000	-	83257441	chrE1	61081816	42024562	42029577	96109
chr17	27258436	27258556	10573	1000	-	83257441	chrE1	61081816	42027372	42027496	6313
chr17	27438910	27438984	15810	1000	-	83257441	chrE1	61081816	42164041	42164127	5266
chr17	27679886	27735145	34	1000	-	83257441	chrE1	61081816	44762906	44787128	579061
chr17	27681719	27681858	7896	1000	-	83257441	chrE1	61081816	44765307	44765450	8485
chr17	27859169	27859211	20112	1000	-	83257441	chrE1	61081816	42475748	42475790	2607
chr17	27862101	27862213	9033	1000	-	83257441	chrE1	61081816	42477967	42478078	6179
chr17	28186238	28186401	13998	1000	-	83257441	chrE1	61081816	42779136	42779310	5896
chr17	28204663	28255032	26	1000	-	83257441	chrE1	61081816	19202592	19226886	725899
chr17	28425839	28426147	2093	1000	+	83257441	chrE1	61081816	18190776	18191103	18099
chr17	28435663	28435806	8226	1000	+	83257441	chrE1	61081816	18186181	18186319	8274
chr17	28581296	28581855	1459	1000	+	83257441	chrE1	61081816	18067348	18067919	22505
chr17	29056380	29056450	19069	1000	-	83257441	chrE1	61081816	43443921	43443991	3513
chr17	29304764	29305014	3812	1000	+	83257441	chrE1	61081816	17417923	17418163	617
chr17	29321033	29321125	12399	1000	+	83257441	chrE1	61081816	17404871	17404961	5649
chr17	29774804	29775076	2255	1000	+	83257441	chrE1	61081816	16875737	16876006	14185
chr17	29983765	29983920	6934	1000	+	83257441	chrE1	61081816	16798285	16798431	9109
chr17	30280194	30280294	14818	1000	-	83257441	chrE1	61081816	44572964	44573065	5579
chr17	30444146	30444524	2409	1000	+	83257441	chrE1	61081816	16318413	16318916	16238
chr17	30516041	30516725	2465	1000	-	83257441	chrE1	61081816	44797251	44797609	16690
chr17	30592156	30616027	35	1000	-	83257441	chrE1	61081816	14605586	14704553	570029
chr17	30731343	31005339	11	1000	+	83257441	chrE1	61081816	19845991	20085288	4932142
chr17	30868157	30868229	18556	1000	-	83257441	chrE1	61081816	41102649	41102721	4773
chr17	31008828	31031172	27	1000	-	83257441	chrE1	61081816	14618931	14706057	666871
chr17	31223920	31224047	13378	1000	+	83257441	chrE1	61081816	19240979	19241112	5763
chr17	32137512	32137589	18758	1000	+	83257441	chrE1	61081816	20091525	20091602	4732
chr17	32295007	32295300	29182	1000	+	83257441	chrE1	61081816	20218186	20218540	3004
chr17	32461808	32461989	7852	1000	+	83257441	chrE1	61081816	20355252	20355423	5903
chr17	32475920	32475981	26194	1000	-	83257441	chrE1	61081816	40715122	40715183	3506
chr17	32578637	32578915	2135	1000	+	83257441	chrE1	61081816	20461070	20461352	14973
chr17	32823509	32823558	27363	1000	+	83257441	chrE1	61081816	20687623	20687672	3302
chr17	33096347	33096550	5196	1000	+	83257441	chrE1	61081816	20912960	20913151	10836
chr17	33350308	33350375	24079	1000	+	83257441	chrE1	61081816	21163721	21163791	3775
chr17	33399643	33399774	2301	1000	+	83257441	chrE1	61081816	21213400	21213511	5424
chr17	33424748	33424955	4909	1000	-	83257441	chrE1	61081816	39847892	39848101	8444
chr17	33497062	33497181	16058	1000	+	83257441	chrE1	61081816	21297604	21297712	5345
chr17	33508707	33508903	4647	1000	+	83257441	chrE1	61081816	21308813	21309006	8402
chr17	33512003	33512157	6456	1000	+	83257441	chrE1	61081816	21306503	21306660	9508
chr17	33592177	33592643	1481	1000	+	83257441	chrE1	61081816	21378905	21379380	22817
chr17	33695025	33697787	221	1000	-	83257441	chrE1	61081816	39610361	39612194	81495
chr17	33746177	33746531	3878	1000	+	83257441	chrE1	61081816	21654586	21654887	12820
chr17	33746345	33746397	4536	1000	-	83257441	chrE1	61081816	39427028	39427080	2553
chr17	33755518	33757014	435	1000	-	83257441	chrE1	61081816	39563698	39565546	46144
chr17	33822291	33822393	12412	1000	+	83257441	chrE1	61081816	21571778	21571881	6442
chr17	33915735	33916004	7247	1000	-	83257441	chrE1	61081816	39423146	39423437	8884
chr17	33938761	33938890	11353	1000	+	83257441	chrE1	61081816	21679173	21679317	6843
chr17	33941281	33941655	972	1000	+	83257441	chrE1	61081816	21680506	21680859	12412
chr17	33956359	33956569	6665	1000	+	83257441	chrE1	61081816	21702836	21703043	9334
chr17	34081396	34081520	7501	1000	-	83257441	chrE1	61081816	39326810	39326936	7715
chr17	34167956	34167997	22556	1000	+	83257441	chrE1	61081816	21870950	21870991	2254
chr17	34289146	34289215	30641	1000	+	83257441	chrE1	61081816	21938290	21938359	2781
chr17	34290203	34290348	29399	1000	+	83257441	chrE1	61081816	21939235	21939395	2973
chr17	34415367	34415405	24345	1000	+	83257441	chrE1	61081816	22050118	22050156	2286
chr17	34460708	34460794	6620	1000	-	83257441	chrE1	61081816	38989029	38989114	4942
chr17	34630282	34630410	7806	1000	-	83257441	chrE1	61081816	38917991	38918108	5753
chr17	34838528	34838605	20046	1000	+	83257441	chrE1	61081816	22449977	22450055	4480
chr17	34856548	34856913	15289	1000	+	83257441	chrE1	61081816	22471283	22471641	5555
chr17	35074073	35074387	1911	1000	-	83257441	chrE1	61081816	38411903	38412242	9970
chr17	35292648	35293119	3102	1000	+	83257441	chrE1	61081816	22805666	22806171	14487
chr17	35293261	35293348	26544	1000	+	83257441	chrE1	61081816	22806277	22806362	3445
chr17	35352374	35423137	140	1000	-	83257441	chrE1	61081816	38274707	38283495	56203
chr17	35353985	35363779	344	1000	+	83257441	chrE1	61081816	22848914	22854784	48839
chr17	35410796	35411024	9252	1000	-	83257441	chrE1	61081816	38275229	38275489	7741
chr17	35411135	35411484	13919	1000	-	83257441	chrE1	61081816	38275584	38275952	5959
chr17	35433011	35437728	552	1000	+	83257441	chrE1	61081816	22823689	22828049	39954
chr17	35440560	35440675	17416	1000	-	83257441	chrE1	61081816	38274667	38274781	5021
chr17	35440678	35443888	701	1000	+	83257441	chrE1	61081816	22845569	22851950	35822
chr17	35440728	35440785	14361	1000	-	83257441	chrE1	61081816	38274831	38274888	3098
chr17	35441504	35441557	705	1000	-	83257441	chrE1	61081816	38275602	38275663	2339
chr17	35444603	35445065	4338	1000	+	83257441	chrE1	61081816	22853498	22853960	11993
chr17	35445142	35445393	29298	1000	-	83257441	chrE1	61081816	38282901	38283128	2987
chr17	35475006	35475502	2538	1000	-	83257441	chrE1	61081816	38275913	38276406	16402
chr17	35479062	35479422	4705	1000	-	83257441	chrE1	61081816	38282323	38282682	11461
chr17	35479424	35479883	5580	1000	+	83257441	chrE1	61081816	22853820	22854528	10351
chr17	35479924	35480260	4072	1000	-	83257441	chrE1	61081816	38283160	38283495	12479
chr17	35488285	35488615	5692	1000	+	83257441	chrE1	61081816	22824081	22824413	10228
chr17	35522273	35522995	1793	1000	+	83257441	chrE1	61081816	22848268	22849013	20116
chr17	35695570	35695949	2271	1000	-	83257441	chrE1	61081816	38102525	38102929	17514
chr17	35796932	35797917	752	1000	-	83257441	chrE1	61081816	38014603	38016479	34074
chr17	35986214	35986442	5016	1000	+	83257441	chrE1	61081816	23176015	23176253	10689
chr17	35997570	36001818	163	1000	+	83257441	chrE1	61081816	23185650	23190028	29151
chr17	36032697	36033710	9921	1000	+	83257441	chrE1	61081816	23211449	23212464	7437
chr17	36064120	36075796	130	1000	-	83257441	chrE1	61081816	37822906	37838346	5097
chr17	36154375	36154462	2157	1000	+	83257441	chrE1	61081816	23315325	23315411	3024
chr17	36156927	36157015	15632	1000	+	83257441	chrE1	61081816	23313186	23313275	5454
chr17	36157016	36157123	22083	1000	+	83257441	chrE1	61081816	23313275	23313391	4139
chr17	36157165	36157230	31036	1000	+	83257441	chrE1	61081816	23313438	23313503	2728
chr17	36160233	36160992	1082	1000	+	83257441	chrE1	61081816	23319454	23320162	27842
chr17	36185217	36185472	4315	1000	+	83257441	chrE1	61081816	23244105	23244361	12023
chr17	36185549	36185889	2878	1000	+	83257441	chrE1	61081816	23244429	23244747	15211
chr17	36185898	36187662	383	1000	+	83257441	chrE1	61081816	23244747	23246428	52767
chr17	36187662	36188776	420	1000	+	83257441	chrE1	61081816	23246435	23248642	48809
chr17	36188890	36190023	350	1000	+	83257441	chrE1	61081816	23248750	23250117	55497
chr17	36190030	36190442	2180	1000	+	83257441	chrE1	61081816	23250117	23250749	17916
chr17	36190470	36190597	11459	1000	+	83257441	chrE1	61081816	23250764	23250889	6804
chr17	36190677	36190810	10635	1000	+	83257441	chrE1	61081816	23250970	23251099	7130
chr17	36190859	36191006	7812	1000	+	83257441	chrE1	61081816	23251136	23251284	8536
chr17	36191234	36191323	21437	1000	+	83257441	chrE1	61081816	23251694	23251783	4248
chr17	36191644	36192830	816	1000	+	83257441	chrE1	61081816	23251782	23252778	32789
chr17	36192906	36193076	15149	1000	+	83257441	chrE1	61081816	23252867	23253119	5592
chr17	36193083	36193171	19027	1000	+	83257441	chrE1	61081816	23253119	23253207	4677
chr17	36193175	36193415	5200	1000	+	83257441	chrE1	61081816	23253207	23253880	10825
chr17	36193419	36194807	349	1000	+	83257441	chrE1	61081816	23253880	23256836	55883
chr17	36194807	36195683	1221	1000	-	83257441	chrE1	61081816	37840450	37841356	2584
chr17	36195684	36196556	1502	1000	-	83257441	chrE1	61081816	37841356	37842115	2244
chr17	36196192	36196268	10652	1000	+	83257441	chrE1	61081816	23258214	23258290	4876
chr17	36196556	36197066	952	1000	+	83257441	chrE1	61081816	23258553	23259079	30148
chr17	36197561	36197704	12800	1000	+	83257441	chrE1	61081816	23259246	23259389	6310
chr17	36197946	36204037	90	1000	+	83257441	chrE1	61081816	23259649	23263668	182189
chr17	36204037	36205527	12089	1000	+	83257441	chrE1	61081816	23263849	23264441	91
chr17	36205530	36217330	45	1000	+	83257441	chrE1	61081816	23264441	23283485	430009
chr17	36242080	36242158	19685	1000	+	83257441	chrE1	61081816	23315383	23315461	4543
chr17	36242190	36242354	13101	1000	+	83257441	chrE1	61081816	23315478	23315652	6215
chr17	36244564	36244652	15351	1000	+	83257441	chrE1	61081816	23313186	23313275	5537
chr17	36244653	36244760	22142	1000	+	83257441	chrE1	61081816	23313275	23313391	4130
chr17	36244802	36244867	31035	1000	+	83257441	chrE1	61081816	23313438	23313503	2728
chr17	36248353	36248961	1460	1000	+	83257441	chrE1	61081816	23319597	23320171	23391
chr17	36267185	36321275	20	1000	-	83257441	chrE1	61081816	23728389	23795199	1155043
chr17	36337508	36337585	28033	1000	+	83257441	chrE1	61081816	23319519	23319597	3188
chr17	36337719	36338063	3150	1000	+	83257441	chrE1	61081816	23319719	23320047	14342
chr17	36338107	36338246	17994	1000	+	83257441	chrE1	61081816	23320082	23320224	4894
chr17	36365970	36366048	19684	1000	+	83257441	chrE1	61081816	23315383	23315461	4543
chr17	36366125	36366244	20911	1000	+	83257441	chrE1	61081816	23315519	23315652	4330
chr17	36368456	36368517	24735	1000	+	83257441	chrE1	61081816	23313186	23313247	3737
chr17	36368545	36368605	27663	1000	+	83257441	chrE1	61081816	23313275	23313335	3250
chr17	36368694	36368759	31034	1000	+	83257441	chrE1	61081816	23313438	23313503	2728
chr17	36372168	36372853	1198	1000	+	83257441	chrE1	61081816	23319520	23320171	26547
chr17	36423249	36423391	14342	1000	+	83257441	chrE1	61081816	23319520	23319662	5820
chr17	36459108	37843051	7	1000	-	83257441	chrE1	61081816	36349741	37696709	39766549
chr17	36511612	36511708	252	1000	-	83257441	chrE1	61081816	36345348	36345462	768
chr17	36544562	36544628	19091	1000	-	83257441	chrE1	61081816	36561524	36561590	4663
chr17	36854911	36854971	26273	1000	+	83257441	chrE1	61081816	24256748	24256808	3224
chr17	36869942	36870059	10268	1000	-	83257441	chrE1	61081816	36836331	36836451	6992
chr17	36870126	36870151	25773	1000	-	83257441	chrE1	61081816	36836500	36836525	2079
chr17	36893222	36893825	1237	1000	+	83257441	chrE1	61081816	24221710	24222354	23646
chr17	37184184	37184474	2177	1000	-	83257441	chrE1	61081816	37129845	37130138	17944
chr17	37184474	37184528	29754	1000	-	83257441	chrE1	61081816	37130140	37130199	2915
chr17	37230893	37230940	22755	1000	-	83257441	chrE1	61081816	37175167	37175213	2464
chr17	37557286	37557906	2307	1000	+	83257441	chrE1	61081816	23643083	23643399	17364
chr17	37956591	37964946	87	1000	+	83257441	chrE1	61081816	26734296	26754201	190512
chr17	38030845	38035782	196	1000	+	83257441	chrE1	61081816	26672361	26676054	91970
chr17	38043908	38044472	1294	1000	+	83257441	chrE1	61081816	26753478	26754201	25289
chr17	38071266	38125358	21	1000	-	83257441	chrE1	61081816	23728389	23795199	1154714
chr17	38155002	38155096	18231	1000	+	83257441	chrE1	61081816	26672568	26672661	4841
chr17	38155170	38159749	351	1000	+	83257441	chrE1	61081816	26672747	26676054	1977
chr17	38160085	38160169	16052	1000	+	83257441	chrE1	61081816	26734296	26734383	5346
chr17	38160171	38160497	2250	1000	+	83257441	chrE1	61081816	26734383	26734945	17587
chr17	38160527	38160650	12411	1000	+	83257441	chrE1	61081816	26734960	26735100	6443
chr17	38160954	38166141	120	1000	+	83257441	chrE1	61081816	26735143	26742069	140439
chr17	38397348	38397511	3956	1000	-	83257441	chrE1	61081816	23627409	23627568	8051
chr17	38959797	38959942	5845	1000	+	83257441	chrE1	61081816	37906923	37907070	10082
chr17	38963512	38963645	9667	1000	-	83257441	chrE1	61081816	23171110	23171249	7541
chr17	39064328	39065960	364	1000	-	83257441	chrE1	61081816	23123579	23125138	53847
chr17	39208199	39208285	13772	1000	+	83257441	chrE1	61081816	38064927	38065017	5672
chr17	39389465	39389536	24886	1000	+	83257441	chrE1	61081816	38194431	38194499	3424
chr17	39641065	39641380	4489	1000	+	83257441	chrE1	61081816	38383118	38384178	11749
chr17	39710850	39710896	2208	1000	+	83257441	chrE1	61081816	38442712	38442785	2557
chr17	39945474	39945818	3316	1000	+	83257441	chrE1	61081816	38648069	38648605	13955
chr17	40043491	40043606	11777	1000	-	83257441	chrE1	61081816	22361537	22361654	6695
chr17	40296558	40296614	18055	1000	-	83257441	chrE1	61081816	22173216	22173272	3694
chr17	40513431	40513575	8340	1000	-	83257441	chrE1	61081816	21998961	21999071	5586
chr17	40718949	40721911	925	1000	+	83257441	chrE1	61081816	39306331	39348513	30577
chr17	40719324	40719626	29190	1000	+	83257441	chrE1	61081816	39345756	39346050	2314
chr17	40721098	40721385	1013	1000	+	83257441	chrE1	61081816	39281786	39282057	3263
chr17	40721911	40721965	2978	1000	+	83257441	chrE1	61081816	39251037	39251091	4082
chr17	40722003	40722104	31720	1000	+	83257441	chrE1	61081816	39251134	39251239	2628
chr17	40797097	40797297	3200	1000	+	83257441	chrE1	61081816	39346260	39346455	2197
chr17	40886226	40886344	2242	1000	-	83257441	chrE1	61081816	21662193	21662323	1712
chr17	40899161	40899276	8660	1000	+	83257441	chrE1	61081816	39429545	39429660	7543
chr17	41046792	41046882	502	1000	+	83257441	chrE1	61081816	39581221	39581326	6443
chr17	41054831	41054888	485	1000	+	83257441	chrE1	61081816	39592804	39598040	3999
chr17	41071934	41106741	75	1000	-	83257441	chrE1	61081816	21306256	21475369	18164
chr17	41082527	41085381	205	1000	-	83257441	chrE1	61081816	21472326	21475369	5387
chr17	41097730	41097910	258	1000	+	83257441	chrE1	61081816	39616057	39622668	606
chr17	41101597	41140342	125	1000	+	83257441	chrE1	61081816	39615219	39645378	4934
chr17	41101841	41125386	109	1000	+	83257441	chrE1	61081816	39607347	39609038	636
chr17	41117355	41117440	515	1000	+	83257441	chrE1	61081816	39606809	39606895	524
chr17	41119010	41120278	276	1000	+	83257441	chrE1	61081816	39608471	39609473	14552
chr17	41122370	41122901	1339	1000	+	83257441	chrE1	61081816	39605805	39606362	742
chr17	41149414	41157548	214	1000	+	83257441	chrE1	61081816	39636882	39767046	53610
chr17	41159110	41168302	88	1000	+	83257441	chrE1	61081816	39635730	39775679	90105
chr17	41168302	41169176	121	1000	+	83257441	chrE1	61081816	39645659	39658473	6873
chr17	41183552	41184326	812	1000	+	83257441	chrE1	61081816	39774484	39775225	7063
chr17	41184506	41276215	39	1000	-	83257441	chrE1	61081816	21240145	21327543	120759
chr17	41189957	41237365	54	1000	+	83257441	chrE1	61081816	39783979	39835401	32178
chr17	41195591	41197777	1227	1000	+	83257441	chrE1	61081816	39850216	39852363	26155
chr17	41212261	41212450	103	1000	-	83257441	chrE1	61081816	21273495	21273669	739
chr17	41212453	41213295	62	1000	-	83257441	chrE1	61081816	21267191	21267981	5494
chr17	41213667	41214929	1439	1000	+	83257441	chrE1	61081816	39845129	39846127	16491
chr17	41231235	41277026	53	1000	-	83257441	chrE1	61081816	21254014	21282126	42973
chr17	41236898	41239926	55	1000	-	83257441	chrE1	61081816	21279585	21282702	6460
chr17	41239926	41248903	73	1000	-	83257441	chrE1	61081816	21276081	21279923	89651
chr17	41264145	41275531	61	1000	-	83257441	chrE1	61081816	21279588	21284436	4069
chr17	41268813	41269154	257	1000	+	83257441	chrE1	61081816	39840101	39840432	3028
chr17	41271632	41271713	83	1000	+	83257441	chrE1	61081816	39788625	39788706	374
chr17	41273161	41273225	1662	1000	+	83257441	chrE1	61081816	39839584	39839646	1956
chr17	41273225	41274870	213	1000	+	83257441	chrE1	61081816	39782218	39783116	6796
chr17	41274523	41274618	3809	1000	-	83257441	chrE1	61081816	21279585	21279679	3878
chr17	41274618	41274840	2809	1000	-	83257441	chrE1	61081816	21254580	21254785	5056
chr17	41274870	41275017	147	1000	-	83257441	chrE1	61081816	21266624	21266765	460
chr17	41280087	41280162	1174	1000	-	83257441	chrE1	61081816	21280265	21280341	3089
chr17	41280199	41280802	247	1000	+	83257441	chrE1	61081816	39831816	39832491	5461
chr17	41299353	41299443	17990	1000	+	83257441	chrE1	61081816	39861665	39861755	4895
chr17	41315427	41315614	6277	1000	+	83257441	chrE1	61081816	39761549	39761781	5929
chr17	41318127	41319605	302	1000	-	83257441	chrE1	61081816	21199186	21202291	59601
chr17	41338029	41338076	3967	1000	+	83257441	chrE1	61081816	39895941	39895987	2355
chr17	41346788	41346828	4234	1000	+	83257441	chrE1	61081816	40015307	40015397	2487
chr17	41365119	41365159	4170	1000	+	83257441	chrE1	61081816	40015307	40015397	2266
chr17	41379831	41379921	20255	1000	+	83257441	chrE1	61081816	39935924	39936014	4443
chr17	41422514	41422618	195	1000	+	83257441	chrE1	61081816	39987870	39987976	5096
chr17	41448636	41453986	640	1000	+	83257441	chrE1	61081816	40014941	40017649	36134
chr17	41448732	41448922	763	1000	+	83257441	chrE1	61081816	39959708	39959913	9256
chr17	41450688	41454111	745	1000	+	83257441	chrE1	61081816	40007098	40008589	1261
chr17	41477808	41477923	8493	1000	+	83257441	chrE1	61081816	40014937	40015052	8117
chr17	41516720	41516795	4242	1000	+	83257441	chrE1	61081816	40060926	40060971	3607
chr17	41616635	41616825	5414	1000	-	83257441	chrE1	61081816	20936808	20937018	10538
chr17	41696850	41701670	264	1000	-	83257441	chrE1	61081816	20870769	20873155	69307
chr17	41970325	41970402	23011	1000	+	83257441	chrE1	61081816	40426427	40426501	3994
chr17	41995038	41995210	5402	1000	+	83257441	chrE1	61081816	40436211	40436383	10548
chr17	42112140	42112287	20655	1000	+	83257441	chrE1	61081816	40516207	40516361	4374
chr17	42112357	42112467	13417	1000	+	83257441	chrE1	61081816	40515925	40516036	6114
chr17	42214497	42214544	25018	1000	+	83257441	chrE1	61081816	40595642	40595690	2670
chr17	42214544	42214614	22926	1000	+	83257441	chrE1	61081816	40595691	40595761	4006
chr17	42288396	42300962	36	1000	-	83257441	chrE1	61081816	20456500	20481302	62217
chr17	42288646	42297236	58	1000	+	83257441	chrE1	61081816	40657635	40666120	218624
chr17	42424640	42424736	13086	1000	-	83257441	chrE1	61081816	20252991	20253088	6221
chr17	42546695	42550693	158	1000	+	83257441	chrE1	61081816	40916548	40919783	113851
chr17	42552566	42552664	19019	1000	+	83257441	chrE1	61081816	40916258	40916357	4679
chr17	42552669	42552740	25889	1000	+	83257441	chrE1	61081816	40916357	40916428	3555
chr17	42552742	42552861	12659	1000	+	83257441	chrE1	61081816	40916428	40916548	6357
chr17	42595899	42599378	204	1000	-	83257441	chrE1	61081816	20128837	20131189	87836
chr17	42645478	42647114	960	1000	-	83257441	chrE1	61081816	20089877	20090835	29974
chr17	42767541	42767690	7938	1000	-	83257441	chrE1	61081816	20004033	20004182	8459
chr17	42865667	42865882	4703	1000	-	83257441	chrE1	61081816	19920582	19920814	11462
chr17	42877721	42878052	3646	1000	+	83257441	chrE1	61081816	41171067	41171428	13267
chr17	42911484	42911758	2987	1000	-	83257441	chrE1	61081816	19889999	19890281	14006
chr17	43119034	43131375	57	1000	+	83257441	chrE1	61081816	41346838	41360456	318110
chr17	43154550	43154812	4857	1000	+	83257441	chrE1	61081816	41346241	41346541	11267
chr17	43228132	43229151	440	1000	+	83257441	chrE1	61081816	41393466	41394505	46231
chr17	43231126	43231437	2721	1000	-	83257441	chrE1	61081816	19687545	19687852	15658
chr17	43233756	43234647	772	1000	-	83257441	chrE1	61081816	19674063	19674997	33719
chr17	43241149	43242045	801	1000	-	83257441	chrE1	61081816	19674063	19674997	33129
chr17	43245643	43246534	770	1000	-	83257441	chrE1	61081816	19674063	19674997	33728
chr17	43251798	43252466	992	1000	-	83257441	chrE1	61081816	19674063	19674748	29540
chr17	43273070	43273960	805	1000	-	83257441	chrE1	61081816	19674063	19674997	32993
chr17	43277947	43278838	769	1000	-	83257441	chrE1	61081816	19674063	19674997	33728
chr17	43284108	43284999	768	1000	-	83257441	chrE1	61081816	19674063	19674997	33728
chr17	43290260	43291150	796	1000	-	83257441	chrE1	61081816	19674063	19674997	33226
chr17	43296394	43297272	798	1000	-	83257441	chrE1	61081816	19674063	19674997	33200
chr17	43300010	43306164	441	1000	-	83257441	chrE1	61081816	19674063	19687881	9189
chr17	43378751	43388567	498	1000	-	83257441	chrE1	61081816	19661431	19674761	42367
chr17	43582858	43584526	358	1000	-	83257441	chrE1	61081816	19499231	19500816	54408
chr17	43647284	43647346	28509	1000	+	83257441	chrE1	61081816	41630586	41630658	3112
chr17	44109360	44109409	18674	1000	+	83257441	chrE1	61081816	41975926	41975977	2475
chr17	44572315	44628816	16	1000	-	83257441	chrE1	61081816	18678886	18723421	1448169
chr17	44641791	44641876	11158	1000	+	83257441	chrE1	61081816	42413294	42413381	5393
chr17	44741690	44741876	7942	1000	+	83257441	chrE1	61081816	42502516	42502688	7150
chr17	44814452	44814561	17468	1000	+	83257441	chrE1	61081816	42559515	42559615	5010
chr17	45281939	45282082	8422	1000	-	83257441	chrE1	61081816	18149852	18149991	8164
chr17	45405202	45405416	11050	1000	+	83257441	chrE1	61081816	43028338	43028458	3190
chr17	45765320	45765366	27141	1000	+	83257441	chrE1	61081816	43551779	43551825	3202
chr17	45765366	45765410	26765	1000	+	83257441	chrE1	61081816	43551778	43551822	3001
chr17	46208183	46208293	13239	1000	+	83257441	chrE1	61081816	43929595	43929715	6171
chr17	46240490	46291553	175	1000	+	83257441	chrE1	61081816	43946861	46599232	103673
chr17	46347256	60107665	2	1000	-	83257441	chrE1	61081816	17655214	37765457	316585527
chr17	46357649	46487377	12	1000	-	83257441	chrE1	61081816	17665357	17776591	3768799
chr17	46422166	46422213	9317	1000	-	83257441	chrE1	61081816	17721514	17721560	2133
chr17	46565285	46565349	29060	1000	-	83257441	chrE1	61081816	17655330	17655398	3025
chr17	46565946	46566396	1385	1000	-	83257441	chrE1	61081816	17655399	17655883	24088
chr17	46569626	46569826	6542	1000	-	83257441	chrE1	61081816	17657731	17657943	9429
chr17	46570582	46570996	1504	1000	-	83257441	chrE1	61081816	17658420	17658840	22877
chr17	46570996	46575559	215	1000	-	83257441	chrE1	61081816	17658960	17664818	83277
chr17	46639752	46639790	15889	1000	-	83257441	chrE1	61081816	17721522	17721560	2437
chr17	46734574	46736501	13257	1000	+	83257441	chrE1	61081816	43276937	43277178	291
chr17	46966364	46966430	20571	1000	-	83257441	chrE1	61081816	17998232	17998297	4391
chr17	46973058	46973186	10073	1000	-	83257441	chrE1	61081816	18002727	18002840	6425
chr17	47073718	47073913	7426	1000	+	83257441	chrE1	61081816	43804800	43804982	8767
chr17	47073944	47074316	2679	1000	+	83257441	chrE1	61081816	43805492	43805879	15788
chr17	47074610	47076138	317	1000	+	83257441	chrE1	61081816	43805960	43807665	60187
chr17	47078486	47078554	23058	1000	+	83257441	chrE1	61081816	43807961	43808026	3988
chr17	47078738	47078804	30220	1000	+	83257441	chrE1	61081816	43808329	43808395	2841
chr17	47079779	47085709	114	1000	+	83257441	chrE1	61081816	43808394	43814134	149024
chr17	47085742	47086186	2130	1000	+	83257441	chrE1	61081816	43815746	43816181	18107
chr17	47086770	47089525	189	1000	+	83257441	chrE1	61081816	43816753	43819131	94689
chr17	47090410	47098469	154	1000	+	83257441	chrE1	61081816	43915454	43922020	116222
chr17	47100072	47100295	2389	1000	+	83257441	chrE1	61081816	43936167	43936405	17018
chr17	47100295	47100575	1838	1000	+	83257441	chrE1	61081816	43936406	43936686	19815
chr17	47100576	47100765	4637	1000	+	83257441	chrE1	61081816	43936686	43936874	11545
chr17	47359346	47359514	14444	1000	-	83257441	chrE1	61081816	16903159	16903331	550
chr17	47416830	47416950	14252	1000	+	83257441	chrE1	61081816	44245134	44245254	5851
chr17	47778049	47800875	277	1000	+	83257441	chrE1	61081816	37108633	37125732	17901
chr17	47780169	47790254	2020	1000	+	83257441	chrE1	61081816	37122308	37125733	978
chr17	47850281	47850511	5256	1000	-	83257441	chrE1	61081816	24022996	24023235	9340
chr17	48088995	48089077	17798	1000	-	83257441	chrE1	61081816	24212852	24212934	4939
chr17	48224337	48224411	15322	1000	-	83257441	chrE1	61081816	24336920	24336990	4771
chr17	48765982	48766365	2365	1000	+	83257441	chrE1	61081816	36251302	36251706	17151
chr17	48952749	48953337	2426	1000	+	83257441	chrE1	61081816	36098171	36098537	16853
chr17	49085409	49086757	1433	1000	-	83257441	chrE1	61081816	25124526	25130816	23606
chr17	49219530	49220306	758	1000	-	83257441	chrE1	61081816	25166120	25166769	33974
chr17	49444219	49446381	275	1000	-	83257441	chrE1	61081816	25331708	25333265	67865
chr17	49993316	49993541	3628	1000	+	83257441	chrE1	61081816	35303742	35303926	1618
chr17	50055836	50056194	1047	1000	-	83257441	chrE1	61081816	25838289	25838648	26689
chr17	50093248	50093371	8941	1000	+	83257441	chrE1	61081816	35208530	35208657	5208
chr17	50474564	50474727	5738	1000	-	83257441	chrE1	61081816	26184563	26184727	7832
chr17	50561002	50562225	192	1000	-	83257441	chrE1	61081816	26282101	26283328	93397
chr17	50562261	50563107	405	1000	-	83257441	chrE1	61081816	26256870	26257754	49951
chr17	50775840	50776212	4297	1000	+	83257441	chrE1	61081816	34627574	34627908	12047
chr17	50827793	50828000	5262	1000	+	83257441	chrE1	61081816	34590675	34590885	10747
chr17	50836770	50836804	30335	1000	-	83257441	chrE1	61081816	26495111	26495145	2825
chr17	50958791	50958845	17594	1000	+	83257441	chrE1	61081816	34478581	34478633	2718
chr17	51023346	51023468	7522	1000	-	83257441	chrE1	61081816	26655458	26655582	8698
chr17	51144218	51144440	3586	1000	+	83257441	chrE1	61081816	34324849	34325071	13410
chr17	51478522	51478572	31480	1000	-	83257441	chrE1	61081816	27041869	27041924	2664
chr17	51720204	51720320	12733	1000	-	83257441	chrE1	61081816	27248067	27248183	6332
chr17	51846831	51846974	8894	1000	+	83257441	chrE1	61081816	33713174	33713320	6765
chr17	51922230	51922302	17558	1000	-	83257441	chrE1	61081816	27447510	27447582	4994
chr17	51979617	51979750	9376	1000	-	83257441	chrE1	61081816	27502275	27502412	7679
chr17	52077269	52077307	11911	1000	+	83257441	chrE1	61081816	33498543	33498581	2120
chr17	52078034	52078082	11209	1000	+	83257441	chrE1	61081816	33495804	33495852	2509
chr17	52137618	52137650	28320	1000	-	83257441	chrE1	61081816	27637419	27637451	2648
chr17	52328569	52328651	19656	1000	-	83257441	chrE1	61081816	27814370	27814455	2470
chr17	52706077	52709190	170	1000	+	83257441	chrE1	61081816	32960731	32963354	108133
chr17	52727269	52732401	89	1000	-	83257441	chrE1	61081816	28132065	28136779	183923
chr17	52902971	52903179	5387	1000	-	83257441	chrE1	61081816	28340958	28341158	10574
chr17	53042671	53043728	520	1000	+	83257441	chrE1	61081816	32626092	32627051	41366
chr17	53178694	53186409	171	1000	+	83257441	chrE1	61081816	32485209	32487273	100978
chr17	53452715	53452758	23096	1000	-	83257441	chrE1	61081816	28832325	28832368	2284
chr17	53832989	53833210	6159	1000	+	83257441	chrE1	61081816	31987910	31988123	9788
chr17	53870270	53870982	1261	1000	+	83257441	chrE1	61081816	31968924	31969702	25678
chr17	54038007	54038066	26723	1000	-	83257441	chrE1	61081816	29239833	29239892	3416
chr17	54179606	54179789	7759	1000	+	83257441	chrE1	61081816	31731802	31731985	1424
chr17	54269760	54270009	348	1000	-	83257441	chrE1	61081816	29472486	29472732	7683
chr17	54307553	54307607	27461	1000	-	83257441	chrE1	61081816	29494982	29495036	3288
chr17	54366660	54366714	25569	1000	-	83257441	chrE1	61081816	29527442	29527496	3607
chr17	54390798	54390929	10501	1000	+	83257441	chrE1	61081816	31527918	31528049	7192
chr17	54504357	54526514	30	1000	+	83257441	chrE1	61081816	31427327	31441750	598149
chr17	54667557	54667662	12103	1000	-	83257441	chrE1	61081816	29728560	29728649	4508
chr17	54737349	54737633	4046	1000	-	83257441	chrE1	61081816	29775542	29775850	12524
chr17	55572370	55576696	145	1000	+	83257441	chrE1	61081816	30588128	30597900	125906
chr17	55603736	55604017	2653	1000	-	83257441	chrE1	61081816	30518363	30518643	15290
chr17	55780439	55780689	6441	1000	+	83257441	chrE1	61081816	30387215	30387433	9521
chr17	55781191	55781367	5299	1000	+	83257441	chrE1	61081816	30382975	30383152	10704
chr17	55867285	55867465	7863	1000	+	83257441	chrE1	61081816	30305273	30305444	8505
chr17	56100079	56100129	32120	1000	-	83257441	chrE1	61081816	30743979	30744026	2565
chr17	56100142	56100202	22062	1000	-	83257441	chrE1	61081816	30744200	30744266	4143
chr17	56120465	56120540	25198	1000	-	83257441	chrE1	61081816	30946865	30946940	3567
chr17	56178903	56179008	15257	1000	-	83257441	chrE1	61081816	31006699	31006805	5564
chr17	56179076	56179165	11135	1000	-	83257441	chrE1	61081816	31006874	31006970	3976
chr17	56198116	56198274	4379	1000	-	83257441	chrE1	61081816	31014932	31015090	11926
chr17	56395880	56396167	3047	1000	+	83257441	chrE1	61081816	29883559	29883831	14664
chr17	56533291	56533400	4501	1000	-	83257441	chrE1	61081816	31300497	31300606	7747
chr17	56572303	56572362	26977	1000	-	83257441	chrE1	61081816	31335250	31335309	3369
chr17	56572381	56572517	7139	1000	-	83257441	chrE1	61081816	31335323	31335459	8957
chr17	56577028	56577210	4002	1000	-	83257441	chrE1	61081816	31341011	31341196	11923
chr17	56651887	56652148	4163	1000	-	83257441	chrE1	61081816	31408595	31408847	12258
chr17	56665545	56665672	13229	1000	-	83257441	chrE1	61081816	31424983	31425117	6126
chr17	56712998	56713287	3288	1000	-	83257441	chrE1	61081816	31466823	31467105	14029
chr17	56732286	56732423	8654	1000	-	83257441	chrE1	61081816	31482606	31482754	5677
chr17	56732432	56732522	10447	1000	-	83257441	chrE1	61081816	31482655	31482746	2822
chr17	56732702	56732764	27493	1000	-	83257441	chrE1	61081816	31482552	31482617	3284
chr17	56732829	56733111	8971	1000	-	83257441	chrE1	61081816	31482576	31482754	4824
chr17	56733239	56733298	22703	1000	-	83257441	chrE1	61081816	31482666	31482725	743
chr17	56733310	56733369	26155	1000	-	83257441	chrE1	61081816	31482666	31482725	3513
chr17	56733370	56733472	13013	1000	-	83257441	chrE1	61081816	31482620	31482721	4789
chr17	56733472	56733580	8549	1000	-	83257441	chrE1	61081816	31482576	31482685	4992
chr17	56733775	56733853	8508	1000	-	83257441	chrE1	61081816	31482666	31482746	2317
chr17	56827430	56827581	6249	1000	-	83257441	chrE1	61081816	31571937	31572101	9697
chr17	56830618	56830840	10794	1000	+	83257441	chrE1	61081816	29490800	29491022	7057
chr17	56872654	56873555	510	1000	-	83257441	chrE1	61081816	31601859	31603132	41859
chr17	57358931	57358967	28484	1000	-	83257441	chrE1	61081816	32008874	32008910	2671
chr17	57398893	57399009	10407	1000	-	83257441	chrE1	61081816	32042808	32042924	6302
chr17	57399510	57399605	20732	1000	-	83257441	chrE1	61081816	32043271	32043366	4361
chr17	57457055	57457229	6378	1000	+	83257441	chrE1	61081816	28983363	28983532	8400
chr17	57613122	57613158	18552	1000	+	83257441	chrE1	61081816	28841301	28841337	2527
chr17	58168550	58168598	5687	1000	-	83257441	chrE1	61081816	32754892	32754956	2064
chr17	58168754	58169045	139	1000	-	83257441	chrE1	61081816	32755111	32755415	15786
chr17	58176060	58176653	3000	1000	+	83257441	chrE1	61081816	28340088	28341207	14829
chr17	58214127	58214236	14945	1000	-	83257441	chrE1	61081816	32782347	32782453	5651
chr17	58214554	58214715	3815	1000	-	83257441	chrE1	61081816	32780112	32780274	8675
chr17	58332036	58332098	25035	1000	-	83257441	chrE1	61081816	32887825	32887887	3690
chr17	58469908	58470056	18726	1000	-	83257441	chrE1	61081816	33008898	33009045	4739
chr17	58519257	58519958	8376	1000	-	83257441	chrE1	61081816	33051773	33051940	8187
chr17	58649644	58649743	15281	1000	+	83257441	chrE1	61081816	27918879	27918985	4473
chr17	58709560	58709722	5325	1000	+	83257441	chrE1	61081816	27870519	27870684	7581
chr17	58904194	58904538	2793	1000	+	83257441	chrE1	61081816	27697907	27698249	15441
chr17	59052531	59052666	9097	1000	+	83257441	chrE1	61081816	27566651	27566787	7119
chr17	59101119	59101202	167	1000	-	83257441	chrE1	61081816	33613449	33613532	822
chr17	59196102	59196362	3871	1000	+	83257441	chrE1	61081816	27405728	27406520	12841
chr17	59205079	59205416	2079	1000	-	83257441	chrE1	61081816	33679925	33680255	18381
chr17	59555567	59555756	9207	1000	-	83257441	chrE1	61081816	33986517	33986713	7760
chr17	59641131	59641336	5827	1000	-	83257441	chrE1	61081816	34165544	34165743	10101
chr17	59975983	60002633	25	1000	+	83257441	chrE1	61081816	27051358	27087113	336301
chr17	60002633	60003659	652	1000	+	83257441	chrE1	61081816	25003657	25004570	30553
chr17	60004633	60005450	1016	1000	-	83257441	chrE1	61081816	37761592	37762360	29226
chr17	60092138	60092174	27213	1000	-	83257441	chrE1	61081816	37753031	37753067	2853
chr17	60103904	60104250	3769	1000	-	83257441	chrE1	61081816	37768263	37768630	13041
chr17	60106528	60106614	2639	1000	-	83257441	chrE1	61081816	37766405	37766491	2727
chr17	60127730	62251739	6	1000	+	83257441	chrE1	61081816	24732381	26754200	50929425
chr17	60128396	60128477	356	1000	-	83257441	chrE1	61081816	36337165	36337264	236
chr17	60132118	60141539	237	1000	+	83257441	chrE1	61081816	24561088	24570585	35573
chr17	60137416	60138741	731	1000	+	83257441	chrE1	61081816	24548030	24550324	20136
chr17	60141951	60142437	1610	1000	+	83257441	chrE1	61081816	24701722	24702400	6447
chr17	60183622	60183864	6656	1000	+	83257441	chrE1	61081816	24781188	24781412	9301
chr17	60193788	60193859	20359	1000	+	83257441	chrE1	61081816	24791129	24791200	4421
chr17	60381465	60382229	684	1000	-	83257441	chrE1	61081816	36075091	36077089	36189
chr17	60467914	60494741	99	1000	+	83257441	chrE1	61081816	25097656	25103181	169111
chr17	61186332	61186432	25143	1000	+	83257441	chrE1	61081816	25689945	25690032	2098
chr17	61400482	61400580	22288	1000	+	83257441	chrE1	61081816	25925274	25925373	4107
chr17	61518573	61518644	24375	1000	+	83257441	chrE1	61081816	25981039	25981110	3786
chr17	61518662	61518776	12056	1000	+	83257441	chrE1	61081816	25981130	25981248	6588
chr17	61600670	61600815	10138	1000	-	83257441	chrE1	61081816	35025722	35025850	7348
chr17	61648389	61648521	11697	1000	+	83257441	chrE1	61081816	26104458	26104594	6723
chr17	61648521	61648586	16807	1000	+	83257441	chrE1	61081816	26104595	26104660	5167
chr17	61682274	61682361	17127	1000	+	83257441	chrE1	61081816	26130510	26130594	5090
chr17	62161552	62161777	4078	1000	+	83257441	chrE1	61081816	26612402	26612625	12461
chr17	62378133	62378202	6172	1000	+	83257441	chrE1	61081816	44564771	44564839	3093
chr17	62547777	62548129	1929	1000	+	83257441	chrE1	61081816	44714492	44714844	19305
chr17	62691487	62692033	5953	1000	+	83257441	chrE1	61081816	44825442	44826259	9980
chr17	62960022	62961285	308	1000	-	83257441	chrE1	61081816	16036700	16037936	60692
chr17	63129713	63129801	8213	1000	+	83257441	chrE1	61081816	45229526	45229617	4765
chr17	63163553	63164470	578	1000	-	83257441	chrE1	61081816	15819476	15820442	38966
chr17	63369911	63370087	6122	1000	-	83257441	chrE1	61081816	15706680	15706856	9823
chr17	63376479	63376826	2158	1000	-	83257441	chrE1	61081816	15701317	15701658	18004
chr17	63477186	63477330	28697	1000	+	83257441	chrE1	61081816	45503388	45503548	3081
chr17	63639615	63639849	4041	1000	-	83257441	chrE1	61081816	15476294	15476726	10933
chr17	63739862	63739941	18018	1000	+	83257441	chrE1	61081816	45685116	45685195	4888
chr17	63872537	63879841	82	1000	+	83257441	chrE1	61081816	45807174	45813100	205995
chr17	63880131	63880720	1162	1000	+	83257441	chrE1	61081816	45806587	45807165	26934
chr17	63881322	63885150	151	1000	+	83257441	chrE1	61081816	45807841	45811285	118908
chr17	63885462	63885604	10613	1000	+	83257441	chrE1	61081816	45793719	45793856	7138
chr17	63885605	63886210	737	1000	+	83257441	chrE1	61081816	45793856	45794466	34518
chr17	63886211	63886508	1824	1000	+	83257441	chrE1	61081816	45794466	45794776	19932
chr17	63886543	63886632	20235	1000	+	83257441	chrE1	61081816	45794794	45794876	4447
chr17	63886978	63887076	16607	1000	+	83257441	chrE1	61081816	45794877	45794974	5215
chr17	63887079	63887482	2422	1000	+	83257441	chrE1	61081816	45794974	45795310	16871
chr17	63887494	63887917	1454	1000	+	83257441	chrE1	61081816	45795310	45795747	23434
chr17	63888254	63888408	8121	1000	+	83257441	chrE1	61081816	45795780	45795921	8352
chr17	63888786	63889978	635	1000	+	83257441	chrE1	61081816	45795973	45796874	37403
chr17	63893733	63920300	106	1000	+	83257441	chrE1	61081816	45805238	45809738	26216
chr17	63894823	63895651	636	1000	+	83257441	chrE1	61081816	45806577	45807400	37403
chr17	63895653	63895899	11132	1000	+	83257441	chrE1	61081816	45807400	45807697	6926
chr17	63895969	63896015	28396	1000	+	83257441	chrE1	61081816	45807765	45807811	3132
chr17	63896291	63898998	240	1000	+	83257441	chrE1	61081816	45808088	45810235	74130
chr17	63899050	63899303	6733	1000	+	83257441	chrE1	61081816	45810278	45810724	9281
chr17	63899355	63899417	30446	1000	+	83257441	chrE1	61081816	45810774	45810836	2808
chr17	63899418	63899550	14924	1000	+	83257441	chrE1	61081816	45810836	45810977	5658
chr17	63899550	63899617	22867	1000	+	83257441	chrE1	61081816	45810978	45811045	4016
chr17	63899673	63899831	28494	1000	+	83257441	chrE1	61081816	45811060	45811160	3114
chr17	63899833	63899955	15685	1000	+	83257441	chrE1	61081816	45811160	45811285	5441
chr17	63900289	63900396	13704	1000	+	83257441	chrE1	61081816	45793719	45793820	6022
chr17	63900432	63901427	328	1000	+	83257441	chrE1	61081816	45793856	45794850	58280
chr17	63901538	63901876	24955	1000	+	83257441	chrE1	61081816	45794891	45794974	3703
chr17	63901879	63902200	3128	1000	+	83257441	chrE1	61081816	45794974	45795253	14399
chr17	63902220	63902280	29899	1000	+	83257441	chrE1	61081816	45795253	45795310	2892
chr17	63902292	63903589	717	1000	+	83257441	chrE1	61081816	45795310	45795973	35364
chr17	63903590	63904633	861	1000	+	83257441	chrE1	61081816	45795973	45796747	31770
chr17	63908631	63908692	27304	1000	+	83257441	chrE1	61081816	45805477	45805535	3313
chr17	63908852	63909135	3981	1000	+	83257441	chrE1	61081816	45805919	45806204	12654
chr17	63909136	63909969	704	1000	+	83257441	chrE1	61081816	45806204	45807011	35759
chr17	63909974	63910197	10292	1000	+	83257441	chrE1	61081816	45807011	45807260	7282
chr17	63910200	63910340	8880	1000	+	83257441	chrE1	61081816	45807260	45807400	7907
chr17	63910342	63910563	10707	1000	+	83257441	chrE1	61081816	45807400	45807686	7094
chr17	63910658	63910704	28395	1000	+	83257441	chrE1	61081816	45807765	45807811	3132
chr17	63910706	63910970	3599	1000	+	83257441	chrE1	61081816	45807811	45808088	13389
chr17	63916570	63916800	9143	1000	+	83257441	chrE1	61081816	45812838	45813076	7788
chr17	63920680	63920925	5890	1000	+	83257441	chrE1	61081816	45810744	45810992	10050
chr17	63920925	63921001	25803	1000	+	83257441	chrE1	61081816	45810993	45811062	3570
chr17	63921138	63921221	26590	1000	+	83257441	chrE1	61081816	45811103	45811188	3437
chr17	63921629	63922985	327	1000	+	83257441	chrE1	61081816	45811279	45812628	58321
chr17	64087496	64087565	17337	1000	+	83257441	chrE1	61081816	45948110	45948179	3994
chr17	64134831	64134886	24073	1000	-	83257441	chrE1	61081816	15095816	15095871	3832
chr17	64252133	64254078	322	1000	-	83257441	chrE1	61081816	14986820	14988188	55760
chr17	64323997	64324172	6026	1000	+	83257441	chrE1	61081816	46144093	46144277	9917
chr17	64324175	64324284	12518	1000	+	83257441	chrE1	61081816	46144277	46144386	6405
chr17	64420364	64420484	10937	1000	-	83257441	chrE1	61081816	14860527	14860650	5126
chr17	64627844	64627997	7651	1000	+	83257441	chrE1	61081816	46424758	46424932	6874
chr17	64666725	64666994	5252	1000	+	83257441	chrE1	61081816	46464279	46464544	10769
chr17	64666994	64667808	1536	1000	+	83257441	chrE1	61081816	46464829	46465985	2411
chr17	64671086	64671123	32305	1000	+	83257441	chrE1	61081816	46465783	46465820	2539
chr17	64671194	64671282	16152	1000	+	83257441	chrE1	61081816	46465898	46465985	5319
chr17	64671316	64671385	17982	1000	+	83257441	chrE1	61081816	46466249	46466321	3754
chr17	64671385	64671444	28779	1000	+	83257441	chrE1	61081816	46466325	46466380	3069
chr17	64676422	64676899	1547	1000	-	83257441	chrE1	61081816	14613823	14614276	22351
chr17	64911475	64911737	3725	1000	-	83257441	chrE1	61081816	14383781	14384063	13129
chr17	64920511	64932638	72	1000	-	83257441	chrE1	61081816	14479792	14497518	128758
chr17	64952800	68117194	5	1000	-	83257441	chrE1	61081816	12078451	14725688	70280452
chr17	64997348	64997809	1985	1000	+	83257441	chrE1	61081816	48962899	48963351	18721
chr17	65106649	65106700	10824	1000	-	83257441	chrE1	61081816	12234622	12234673	2428
chr17	65137298	65137478	1466	1000	-	83257441	chrE1	61081816	12199771	12199965	7258
chr17	65140860	65141058	17316	1000	-	83257441	chrE1	61081816	12200921	12201125	5043
chr17	65141060	65141249	7809	1000	-	83257441	chrE1	61081816	12201125	12201355	6696
chr17	65147261	65147307	6385	1000	-	83257441	chrE1	61081816	12205028	12205081	1528
chr17	65147346	65147482	13634	1000	-	83257441	chrE1	61081816	12205135	12205276	6048
chr17	65193917	65193976	30354	1000	-	83257441	chrE1	61081816	12273503	12273563	2729
chr17	65194015	65194108	7997	1000	-	83257441	chrE1	61081816	12273598	12273692	6264
chr17	65288648	65288702	24439	1000	-	83257441	chrE1	61081816	12344583	12344637	2344
chr17	65319116	65319291	14940	1000	-	83257441	chrE1	61081816	12370846	12371029	5654
chr17	65432288	65432353	25513	1000	-	83257441	chrE1	61081816	12450049	12450114	3616
chr17	65432355	65432440	28064	1000	-	83257441	chrE1	61081816	12450114	12450187	3184
chr17	65478455	65478531	16324	1000	-	83257441	chrE1	61081816	12485217	12485293	4093
chr17	65478735	65478810	19102	1000	-	83257441	chrE1	61081816	12485400	12485477	3928
chr17	65479606	65479936	3859	1000	+	83257441	chrE1	61081816	48595198	48595801	464
chr17	65490743	65491061	2225	1000	+	83257441	chrE1	61081816	48590202	48590511	15479
chr17	65992643	65992899	2769	1000	-	83257441	chrE1	61081816	12889588	12889848	15502
chr17	66394895	66395102	7019	1000	-	83257441	chrE1	61081816	13174069	13175185	9048
chr17	66538307	66538394	15929	1000	+	83257441	chrE1	61081816	47782937	47783022	5377
chr17	66538422	66538583	6140	1000	-	83257441	chrE1	61081816	13298431	13298578	9284
chr17	66664445	66664563	12391	1000	-	83257441	chrE1	61081816	13393187	13393302	6450
chr17	66901444	66901528	28117	1000	-	83257441	chrE1	61081816	13578576	13578666	3176
chr17	66901529	66901666	11594	1000	-	83257441	chrE1	61081816	13578666	13578788	6757
chr17	67262513	67262577	29560	1000	-	83257441	chrE1	61081816	13913868	13913932	2948
chr17	67297222	67297290	30714	1000	-	83257441	chrE1	61081816	13946993	13947061	2773
chr17	67297293	67297441	17906	1000	-	83257441	chrE1	61081816	13947061	13947191	4914
chr17	67313076	67313185	19382	1000	+	83257441	chrE1	61081816	47127877	47127988	4608
chr17	67697412	67697527	8734	1000	-	83257441	chrE1	61081816	14266377	14266492	7986
chr17	67784727	67785368	616	1000	+	83257441	chrE1	61081816	46877064	46877717	37942
chr17	67842278	67842690	1918	1000	+	83257441	chrE1	61081816	46697583	46698024	19380
chr17	67889953	67890117	5630	1000	-	83257441	chrE1	61081816	14430721	14430875	7194
chr17	68226133	68226595	1971	1000	-	83257441	chrE1	61081816	12118465	12118917	18819
chr17	68653222	68659148	169	1000	-	83257441	chrE1	61081816	11787983	11791328	108735
chr17	68868407	68868502	3882	1000	+	83257441	chrE1	61081816	49509848	49510190	2849
chr17	68953820	68954312	5253	1000	-	83257441	chrE1	61081816	11591393	11591679	10744
chr17	68963434	68963734	5283	1000	+	83257441	chrE1	61081816	49490913	49491207	10725
chr17	68964131	68964274	13826	1000	+	83257441	chrE1	61081816	49491345	49491485	5984
chr17	68964358	68964473	24727	1000	+	83257441	chrE1	61081816	49491551	49491666	3738
chr17	68964665	68964739	27503	1000	+	83257441	chrE1	61081816	49491817	49491891	3279
chr17	69083562	69083922	20353	1000	+	83257441	chrE1	61081816	49684313	49684611	2555
chr17	69099464	69099529	25075	1000	+	83257441	chrE1	61081816	49629048	49629113	2885
chr17	69191168	69191434	4559	1000	+	83257441	chrE1	61081816	49639471	49639727	11655
chr17	69249816	69249894	12467	1000	+	83257441	chrE1	61081816	49773278	49773356	6425
chr17	69589231	69589284	15393	1000	+	83257441	chrE1	61081816	50055233	50055286	2441
chr17	69755059	69755143	1159	1000	+	83257441	chrE1	61081816	50201713	50201802	3767
chr17	69760171	69760231	28197	1000	+	83257441	chrE1	61081816	50183411	50183471	3163
chr17	70087765	70087920	7612	1000	-	83257441	chrE1	61081816	10598119	10598279	8645
chr17	70108488	70108552	11296	1000	+	83257441	chrE1	61081816	50502671	50502723	2632
chr17	70186793	70187242	1796	1000	-	83257441	chrE1	61081816	10507603	10508065	18111
chr17	70345961	70346130	11226	1000	-	83257441	chrE1	61081816	10349492	10349659	6175
chr17	70400309	70400388	16224	1000	+	83257441	chrE1	61081816	50778653	50778732	5300
chr17	70412118	70412827	916	1000	+	83257441	chrE1	61081816	50813117	50813830	30735
chr17	70583182	70586514	185	1000	-	83257441	chrE1	61081816	10145402	10148392	97962
chr17	70751953	70752053	21745	1000	-	83257441	chrE1	61081816	9992036	9992136	3886
chr17	71018123	71019529	361	1000	-	83257441	chrE1	61081816	9776191	9777460	54248
chr17	71061551	71062016	1888	1000	+	83257441	chrE1	61081816	51349539	51349974	19539
chr17	71084297	71084584	4387	1000	-	83257441	chrE1	61081816	9712681	9712947	11910
chr17	71147383	71148694	193	1000	-	83257441	chrE1	61081816	9668596	9669917	60270
chr17	71238777	71238858	4004	1000	-	83257441	chrE1	61081816	9587043	9587126	2898
chr17	71404240	71404327	23827	1000	+	83257441	chrE1	61081816	51620304	51620395	3660
chr17	71444432	71444486	20081	1000	+	83257441	chrE1	61081816	51666538	51666592	4474
chr17	71444486	71444544	21707	1000	+	83257441	chrE1	61081816	51666598	51666656	4204
chr17	71567783	71567894	7342	1000	-	83257441	chrE1	61081816	9292099	9292209	8154
chr17	71567894	71568199	2985	1000	+	83257441	chrE1	61081816	51789832	51790144	14881
chr17	71666364	71666433	15588	1000	+	83257441	chrE1	61081816	51864207	51864276	5167
chr17	71707786	71711350	112	1000	+	83257441	chrE1	61081816	51926781	51929934	152802
chr17	71859121	71859384	4362	1000	-	83257441	chrE1	61081816	9037174	9037422	11960
chr17	71879362	71879516	6739	1000	+	83257441	chrE1	61081816	52061624	52061774	9276
chr17	71956002	71956513	4554	1000	+	83257441	chrE1	61081816	52128123	52128313	11572
chr17	71960286	71960407	9650	1000	+	83257441	chrE1	61081816	52133491	52133627	7548
chr17	72070694	72070764	23599	1000	-	83257441	chrE1	61081816	8851823	8851894	3906
chr17	72138868	72139359	947	1000	-	83257441	chrE1	61081816	8782654	8783186	1031
chr17	72195021	72195137	12864	1000	-	83257441	chrE1	61081816	8737388	8737501	5213
chr17	72422165	72422252	24852	1000	+	83257441	chrE1	61081816	52530755	52530842	3719
chr17	72447702	72448468	647	1000	-	83257441	chrE1	61081816	8524962	8525722	35456
chr17	72645176	72645248	28755	1000	+	83257441	chrE1	61081816	52712462	52712532	3073
chr17	72651225	72651694	3215	1000	+	83257441	chrE1	61081816	52721966	52722483	14198
chr17	72719849	72719968	1575	1000	-	83257441	chrE1	61081816	8311429	8311544	6354
chr17	72839862	72839931	21036	1000	+	83257441	chrE1	61081816	52852425	52852502	4311
chr17	72897638	72897733	13603	1000	+	83257441	chrE1	61081816	52921069	52921173	4754
chr17	73099097	73099289	13478	1000	+	83257441	chrE1	61081816	53062977	53063235	6096
chr17	73645483	73646008	1693	1000	+	83257441	chrE1	61081816	53511002	53511509	20920
chr17	74136106	74136525	2433	1000	-	83257441	chrE1	61081816	7164885	7165348	16814
chr17	74538283	74539107	1546	1000	+	83257441	chrE1	61081816	54210866	54216015	22358
chr17	74541474	74541622	16764	1000	+	83257441	chrE1	61081816	54210713	54210859	5177
chr17	74549284	74549432	18612	1000	+	83257441	chrE1	61081816	54210713	54210859	4760
chr17	74549432	74549547	10451	1000	+	83257441	chrE1	61081816	54210860	54210978	7212
chr17	74549588	74549856	22016	1000	+	83257441	chrE1	61081816	54211022	54211319	4151
chr17	74550026	74550121	24459	1000	+	83257441	chrE1	61081816	54211481	54211579	3774
chr17	74550133	74551167	1577	1000	+	83257441	chrE1	61081816	54211579	54212463	6639
chr17	74550383	74551265	1019	1000	+	83257441	chrE1	61081816	54230230	54231108	15239
chr17	74551265	74552736	478	1000	+	83257441	chrE1	61081816	54213435	54214875	28613
chr17	74551700	74556673	187	1000	-	83257441	chrE1	61081816	6827267	6865428	32704
chr17	74551865	74599678	115	1000	-	83257441	chrE1	61081816	6765829	6806152	4980
chr17	74579303	74581655	183	1000	-	83257441	chrE1	61081816	6758613	6763253	5188
chr17	74579908	74580227	603	1000	+	83257441	chrE1	61081816	54356375	54356706	1325
chr17	74587961	74607881	50	1000	+	83257441	chrE1	61081816	54246474	54260630	4376
chr17	75040179	75040218	26033	1000	+	83257441	chrE1	61081816	54731780	54731819	3281
chr17	75203664	75204530	2072	1000	-	83257441	chrE1	61081816	6214772	6215687	18414
chr17	75303670	75314543	265	1000	-	83257441	chrE1	61081816	6118054	6123363	69111
chr17	75434487	75434614	13652	1000	-	83257441	chrE1	61081816	6024479	6024606	6042
chr17	75894851	75895011	9067	1000	+	83257441	chrE1	61081816	55424673	55424844	7819
chr17	75916655	75916799	8987	1000	+	83257441	chrE1	61081816	55355484	55355634	7856
chr17	76167554	76167610	14475	1000	+	83257441	chrE1	61081816	55651581	55651637	3857
chr17	76179959	76180371	1882	1000	-	83257441	chrE1	61081816	5420803	5421223	19566
chr17	76255332	76256231	729	1000	-	83257441	chrE1	61081816	5359309	5360259	34840
chr17	76291458	76291536	463	1000	+	83257441	chrE1	61081816	55746788	55747370	3369
chr17	76293028	76293094	329	1000	+	83257441	chrE1	61081816	55748259	55748295	3686
chr17	76298914	76302887	343	1000	-	83257441	chrE1	61081816	5317828	5322030	56610
chr17	76563580	76563682	16616	1000	+	83257441	chrE1	61081816	55971697	55971803	5213
chr17	76676925	76677011	16572	1000	-	83257441	chrE1	61081816	5028428	5028514	5221
chr17	76902186	76902243	27079	1000	+	83257441	chrE1	61081816	56204408	56204465	652
chr17	76916106	76916182	26107	1000	+	83257441	chrE1	61081816	56216519	56216592	3520
chr17	77162427	77162499	24550	1000	-	83257441	chrE1	61081816	4681234	4681306	3764
chr17	77424985	77425542	1534	1000	-	83257441	chrE1	61081816	4505903	4506451	22535
chr17	77488871	77489215	24761	1000	+	83257441	chrE1	61081816	56620119	56620420	3733
chr17	77720660	77721365	1579	1000	-	83257441	chrE1	61081816	4311465	4312120	21969
chr17	77901587	77903275	1615	1000	-	83257441	chrE1	61081816	4172274	4173196	21629
chr17	77926420	77926576	9556	1000	-	83257441	chrE1	61081816	4156431	4156589	7589
chr17	78091995	78092083	21525	1000	+	83257441	chrE1	61081816	57077777	57077865	4234
chr17	78624187	78624323	21984	1000	+	83257441	chrE1	61081816	57442635	57442771	4157
chr17	78816023	78816142	11842	1000	+	83257441	chrE1	61081816	57561275	57561396	6666
chr17	79144209	79144749	5390	1000	+	83257441	chrE1	61081816	57804422	57808033	10571
chr17	79252714	79252972	1774	1000	+	83257441	chrE1	61081816	57900195	57900507	7046
chr17	79427731	79427827	19543	1000	-	83257441	chrE1	61081816	3048780	3048883	3115
chr17	79778423	79778616	5129	1000	-	83257441	chrE1	61081816	2719116	2719319	318
chr17	79778812	79779086	2935	1000	+	83257441	chrE1	61081816	58303888	58304194	15016
chr17	79839198	79839289	4385	1000	-	83257441	chrE1	61081816	2777508	2777602	204
chr17	79843674	79844079	1669	1000	+	83257441	chrE1	61081816	58370971	58371357	21191
chr17	79955210	79956793	362	1000	-	83257441	chrE1	61081816	2635422	2636688	34184
chr17	80046122	80046822	2669	1000	-	83257441	chrE1	61081816	2570282	2570642	15835
chr17	80079116	80079658	1723	1000	-	83257441	chrE1	61081816	2551350	2551887	20656
chr17	80251409	80251484	24308	1000	+	83257441	chrE1	61081816	58650385	58650460	3797
chr17	80381790	80381866	24702	1000	-	83257441	chrE1	61081816	2322964	2323040	3742
chr17	80447180	80447219	24543	1000	+	83257441	chrE1	61081816	58799343	58799382	2997
chr17	80447219	80447268	23718	1000	+	83257441	chrE1	61081816	58799337	58799386	3887
chr17	80556098	80556161	21591	1000	+	83257441	chrE1	61081816	58882307	58882370	3456
chr17	80556161	80556292	13566	1000	-	83257441	chrE1	61081816	2198933	2199065	6065
chr17	80719342	80720798	948	1000	-	83257441	chrE1	61081816	2059296	2060393	30165
chr17	80821733	80821859	2229	1000	+	83257441	chrE1	61081816	59157067	59157219	3702
chr17	81278164	81278203	27283	1000	+	83257441	chrE1	61081816	59433507	59433547	2156
chr17	81457729	81458122	20219	1000	+	83257441	chrE1	61081816	59591958	59592134	2618
chr17	81837989	81838185	6139	1000	+	83257441	chrE1	61081816	59846620	59846819	9803
chr17	82355468	82362451	119	1000	-	83257441	chrE1	61081816	761316	766516	97712
chr17	82814983	82815024	17784	1000	+	83257441	chrE1	61081816	60674482	60674523	2413
chr17	82833176	82833251	4269	1000	-	83257441	chrE1	61081816	397888	397964	4052
